   n  posicion pa  intervalo  valor    posicion mw  intervalo   valor       retar  n    posi-qrs  paciente = bn_img_

   frecuencia de muestreo = 300

     1          163            169       10.000           179            168       10.000           16        1           163
     2          332            336        9.783           347            169        9.778           15        2           331
     3          668            165       10.386           516            167        6.284         -152        3           499
     4          833            271        3.598           683            168       11.120         -150        4           667
     5         1104            236        2.775           851            125        1.121         -253        5           833
     6         1340            111        3.215           976            129        0.364         -364        6           945
     7         1451             80       13.392          1105            165        1.045         -346        7          1103
     8         1531            182        6.891          1270            172        3.475         -261        8          1252
     9         1713             69        7.755          1442             84       30.218         -271        9          1426
    10         1782            441       12.828          1526             80       22.029         -256       10          1509
    11         2223            211        4.168          1606             93       55.061         -617       11          1591
    12         2434             66        7.711          1699             79       13.143         -735       12          1681
    13         2500            228        4.500          1778             90       73.312         -722       13          1761
    14         2728            379        4.074          1868             80       19.805         -860       14          1852
    15         3107            168        8.718          1948             88       66.968        -1159       15          1932
    16         3275            170        9.075          2036             80       29.705        -1239       16          2019
    17         3445            168       11.951          2116            177       80.647        -1329       17          2099
    18         3613            120       10.528          2293            245        2.709        -1320       18          2223
    19         3733            303        5.718          2538            170       15.310        -1195       19          2278
    20         4036            169       15.153          2708            168       17.712        -1328       20          2355
    21         4205            170       17.568          2876            248       65.587        -1329       21          2524
    22         4375            103       13.990          3124            166       10.552        -1251       22          2690
    23         4478             86       21.263          3290            170        6.879        -1188       23          2856
    24         4564             81       12.202          3460            169       12.073        -1104       24          3106
    25         4645             96       19.796          3629            136        9.129        -1016       25          3274
    26         4741            175       11.360          3765            118        2.275         -976       26          3444
    27         4916             70       12.391          3883            169       29.128        -1033       27          3612
    28         4986             86       21.259          4052            169       20.293         -934       28          3734
    29         5072             79       13.902          4221            170       29.381         -851       29          3867
    30         5151            149       21.164          4391             85       20.829         -760       30          4036
    31         5300            170        8.472          4476             81       80.960         -824       31          4205
    32         5470            166       19.321          4557             82       78.052         -913       32          4374
    33         5636            168        9.754          4639             90      124.495         -997       33          4459
    34         5804            122        7.495          4729             80       81.936        -1075       34          4541
    35         5926            168       19.580          4809             90      139.406        -1117       35          4624
    36         6094            214        8.247          4899             80       76.601        -1195       36          4712
    37         6308            110        7.761          4979             88      126.787        -1329       37          4790
    38         6418            227        9.302          5067             80       82.066        -1351       38          4883
    39         6645            167        9.852          5147            169      137.624        -1498       39          4961
    40         6812            169        9.652          5316            169       11.480        -1496       40          5049
    41         6981            336       11.768          5485            167       12.188        -1496       41          5129
    42         7317            200        9.778          5652            170        9.675        -1665       42          5318
    43         7517             78        9.230          5822            147       10.429        -1695       43          5469
    44         7595             86       12.872          5969            114        1.100        -1626       44          5636
    45         7681             84        8.971          6083            159       17.508        -1598       45          5827
    46         7765             97       11.456          6242            170       56.397        -1523       46          5926
    47         7862             71        9.158          6412            169       67.736        -1450       47          6062
    48         7933             93        7.977          6581            169       52.126        -1352       48          6227
    49         8026            158        8.975          6750            166       59.594        -1276       49          6308
    50         8184            148       11.398          6916            168       43.450        -1268       50          6396
    51         8332            169       15.537          7084            168       24.285        -1248       51          6564
    52         8501            168       12.650          7252            171       43.487        -1249       52          6732
    53         8669            274       17.718          7423            165       34.732        -1246       53          6900
    54         8943            228       16.863          7588             86       85.981        -1355       54          7068
    55         9171            169        8.386          7674            171       48.561        -1497       55          7236
    56         9340            168        8.844          7845             83       59.472        -1495       56          7406
    57         9508            169        8.958          7928             86       85.383        -1580       57          7517
    58         9677            167       10.770          8014             81       56.091        -1663       58          7572
    59         9844            169       10.233          8095             84       71.950        -1749       59          7654
    60        10013            168       12.138          8179            168       84.794        -1834       60          7765
    61        10181            168        8.404          8347            170       23.817        -1834       61          7827
    62        10349            169       10.887          8517            167       22.113        -1832       62          7913
    63        10518            168        9.462          8684            165       20.856        -1834       63          7999
    64        10686            170       10.459          8849            261       12.466        -1837       64          8079
    65        10856            170        9.988          9110            165        5.504        -1746       65          8163
    66        11026            166       12.765          9275            169       21.414        -1751       66          8332
    67        11192            167        6.893          9444            168       23.128        -1748       67          8501
    68        11359            170       10.336          9612            168       18.288        -1747       68          8669
    69        11529            167       10.907          9780            168       21.179        -1749       69          8836
    70        11696            167       10.845          9948            168       24.879        -1748       70          8943
    71        11863            111        8.775         10116            167       14.325        -1747       71          9096
    72        11974         -11974       18.507         10283            171       22.320        -1691       72          9258
    73            0              0        0.000         10454            167       21.998        10454       73          9427
    74            0              0        0.000         10621            169       19.032        10621       74          9596
    75            0              0        0.000         10790            170       18.009        10790       75          9763
    76            0              0        0.000         10960            169       27.741        10960       76          9931
    77            0              0        0.000         11129            164       11.177        11129       77         10099
    78            0              0        0.000         11293             83       22.211        11293       78         10267
    79            0              0        0.000         11376             87        8.657        11376       79         10437
    80            0              0        0.000         11463             82       19.706        11463       80         10605
    81            0              0        0.000         11545             87       10.900        11545       81         10774
    82            0              0        0.000         11632             80       22.236        11632       82         10943
    83            0              0        0.000         11712             85       10.230        11712       83         11112
    84            0              0        0.000         11797             83       21.162        11797       84         11278
    85            0              0        0.000         11880             88        9.409        11880       85         11359
    86            0              0        0.000         11968         -11968       54.991        11968       86         11446
 RMAX =       1.000   Factor d'escala senyal
 PA_RMAX =   36293.512   Factor d'escala senyal    passa_alt
 PB_RMAX =     215.166   Factor d'escala senyal    passa_baix
