   n  posicion  bn_img_

   frecuencia de muestreo = 300
     posicion en milisegundos

     1            543.
     2           1103.
     3           1663.
     4           2223.
     5           2776.
     6           3150.
     7           3676.
     8           4173.
     9           4753.
    10           5030.
    11           5303.
    12           5603.
    13           5870.
    14           6173.
    15           6440.
    16           6730.
    17           6996.
    18           7410.
    19           7593.
    20           7850.
    21           8413.
    22           8966.
    23           9520.
    24          10353.
    25          10913.
    26          11480.
    27          12040.
    28          12446.
    29          12890.
    30          13453.
    31          14016.
    32          14580.
    33          14863.
    34          15136.
    35          15413.
    36          15706.
    37          15966.
    38          16276.
    39          16536.
    40          16830.
    41          17096.
    42          17726.
    43          18230.
    44          18786.
    45          19423.
    46          19753.
    47          20206.
    48          20756.
    49          21026.
    50          21320.
    51          21880.
    52          22440.
    53          23000.
    54          23560.
    55          24120.
    56          24686.
    57          25056.
    58          25240.
    59          25513.
    60          25883.
    61          26090.
    62          26376.
    63          26663.
    64          26930.
    65          27210.
    66          27773.
    67          28336.
    68          28896.
    69          29453.
    70          29810.
    71          30320.
    72          30860.
    73          31423.
    74          31986.
    75          32543.
    76          33103.
    77          33663.
    78          34223.
    79          34790.
    80          35350.
    81          35913.
    82          36476.
    83          37040.
    84          37593.
    85          37863.
    86          38153.
    87          38426.
    88          38716.
    89          38983.
    90          39266.
    91          39540.
    92          39830.
 RMAX =       1.000   Factor d'escala senyal
 PA_RMAX =   36293.512   Factor d'escala senyal   passa_alt
 PB_RMAX =     215.166   Factor d'escala senyal   passa_baix
